-16-

terraneis (11111111 1119111 2), 3,17 11111111, 34 exercens, 4,5

1111911,5,,711111111111ο 17 berosus) 1111 111 2), 1111111119 111. 9,
36 Ρ11111111, 45 1111111111, 6,14 11111111, 33“ 1111111111, 7,56
111111 1111111,8,3 inme, 9 nevi 1111 1111, 131 gregi, 9,11
1111111111, ponit 111119. “9 1711191112241111121911111111111,
33 tenebris, 42 vieto, 51 11115111 16, 25 11111111, 11 ,8111111
28 suam (9111 111111112),35111111151,48111111112,3Τ11111
11111, 13 Ν1 11, 15 1111111, 34 1111111111, 351111,11 14,6
111111, 16,6 111 11, 17,7 1191119111, 16 mille H, 25 (1191111111,
18,6 6911111111, 28 11111, 19,6 1111111111, 24 elausit (0055.
1112), 21,1717,111111 2811111111 (11.1 111Ι,22,1411111181111
(91111111 1111 1,111111 111 2), 36 9911111111(1111.111 “2), 23,17

repperit, 125,1 posit 111, 8 1111111411111111111.

Liber IV: 1,19 11111111119111, 33 1111111111111111, 118 Qua,
123 11111), 128 111111111, 140 puellas, 2,46 8119111111, 46
Impositis, 57 11111111 11111, 3,37 Goguor, 59 1111111Λι (a 555. 1112),

4,5 Siluam Η, 71111111 (5 111111. 111 2), 1111111, 18 111111-

11111, 35 abdita, 6311111111, 78111111, 82 91111,9111 ges 11

5,19 1111, 32 Ρο1111111,111 44111111111111112), 451ιι (11111111.

111 2), 69 1111191111, 6,1 111111119 1111111111 1112), 26 aquis, 23

ο1111(11.11111112,2)11111111, 35111111 37111111,4411111-

11111, 52 111, 6,59 1111,7,9 11111111,16111111 (11111111.111 1) H,
7211111111111, 79 1111,1111111 81 11111, 811611111111, 23

8111911111,31111911119111111111112,) 53 Ρ11111119111111111112),
58 ί911111191111111112,) 9299191111132111111111111, 4611111,
49 111111151 11ε11Η, 16,11 1111111111, 21 palma, 23

1111111111, 26 1111111111 1,11111 27 1111111, 46 (111111, 11, 1 1111111111
(111 1111111112) 29 91111111 35 tuo 111· dissessum H, 40

proauos.

 

